1720579299426 0.4960215605749487 0
1720579696945 0.5487679671457906 1
1720580138492 0.5494096509240246 2
1720580620423 0.49499486652977415 3
1720581110267 0.49974332648870634 4
1720581589637 0.5422227926078029 5
1720582014609 0.4960215605749487 6
1720582423569 0.4960215605749487 7
1720582837007 0.4960215605749487 8
1720583258979 0.4961498973305955 9
1720583667524 0.5052618069815195 10
1720584084634 0.4960215605749487 11
1720584489787 0.4960215605749487 12
1720584888717 0.4947381930184805 13
1720585289146 0.5347792607802875 14
1720585694344 0.5065451745379876 15
1720586090936 0.49563655030800824 16
1720586490106 0.4960215605749487 17
1720586910404 0.4960215605749487 18
1720587322743 0.4961498973305955 19
