1720579299425 0.7017648829571765 0
1720579696944 0.6900604282194095 1
1720580138491 0.6897238708986638 2
1720580620421 0.6923876280534929 3
1720581110265 0.6925409883566706 4
1720581589635 0.6926460062943445 5
1720582014608 0.69336722818733 6
1720582423567 0.6934638512330379 7
1720582837006 0.6933879752545876 8
1720583258978 0.6932668406248582 9
1720583667522 0.693201490129044 10
1720584084633 0.693266272055295 11
1720584489786 0.6932251659017324 12
1720584888715 0.6933206861391205 13
1720585289144 0.6932754254071865 14
1720585694340 0.693291766932368 15
1720586090934 0.6932406859965785 16
1720586490104 0.6932667775320566 17
1720586910403 0.693176129025845 18
1720587322741 0.693233251632851 19
